680169
680168
680131
680130
680129
680124
680123
680122
680092
680091
680090
680089
680088
680087
680079
680078
680077
680076
680075
680074
680056
680055
680054
680053
680052
680051
680050
680049
680048
680047
680046
680045
680020
680019
680018
680016
679987
679985
679984
679983
679979
679973
679972
679970
679968
679967
679960
679943
679926
679908
679904
679902
679888
679887
679886
679852
679841
679840
679839
679838
679835
679830
679829
679793
679757
679742
679717
679710
679632
679631
679624
679619
679552
679551
679550
679538
679435
679434
679433
679432
679431
679401
679300
679299
679298
679278
679247
679210
679209
679197
679190
679188
679187
679186
679184
679173
679172
679171
679168
679167
679166
679165
679163
679162
679161
679160
679158
679156
679143
679126
679125
679122
679120
679110
679109
679106
679084
679049
678438
678913
678912
678911
678900
678875
678850
678778
678770
678745
678743
678698
678672
678656
678652
678648
678628
678627
678626
678605
678595
678592
678580
678578
678577
678575
678573
678572
678568
678544
678516
678515
678514
678513
678494
678396
678380
678370
678369
678368
678358
678356
678266
678232
678145
678122
678051
678049
678048
678022
678003
678002
677999
677998
677997
677987
677985
677975
677974
677971
677964
677947
677944
677943
677940
677939
677853
677767
677766
677753
677738
677571
677498
677481
677480
677478
677412
677410
677321
677320
677319
677309
677307
677302
677283
677064
677063
677062
677057
677052
677042
677030
677009
677005
676978
676977
676932
676927
676872
676871
676870
676785
676752
676739
676735
676652
676600
676557
676447
676440
676430
676397
676285
676281
676280
676276
676275
676274
676273
676272
676269
676267
676253
676251
676250
676248
676244
676238
676232
676224
676221
676219
676216
676215
676214
676213
676209
676204
676203
676202
676201
676200
676199
676198
676197
676194
676146
676137
676132
676131
676130
676129
676128
676125
676124
676077
675455
675994
675968
675839
675807
675638
675589
675588
675557
675453
675254
674555
673969
673372
673371
673370
673297
673179
672799
672702
672675
672674
672653
672312
672311
672293
672231
671367
671280
671076
670782
670759
670758
670376
670020
669921
669633
669220
667993
667862
667861
667722
667280
667231
666897
666575
666446
666327
664033
664022
663782
663395
663039
660903
660167
659874
659381
658961
658775
657756
657338
657331
656798
656164
656163
655134
655074
654334
653917
653916
653618
653415
653412
652889
651735
651695
650904
650074
649852
648193
647484
645830
644941
644901
642240
641393
638073
637780
636981
636639
636402
636088
633157
631786
630141
625964
625528
624756
624123
621090
620303
616964
612160
609073
608413
606564
602341
601953
590092
589046
588178
582504
578714
569279
533853
530179
530127
530043
518327
511604
505683
494363
413577
410347
400079
400074
